1.1781  0.19635  6.41845  8.76592  8.06778  5.31453  3.63465  8.77464  2.98015  0.589049  8.20741  3.14159  3.16341  0.410152  6.57553  6.31373  6.6148  6.08684  1.56643  1.33954  0.981748  0.981748  7.71436  5.39307  2.57  
3.04996  3.19832  8.63502  4.5684  4.82584  8.73537  2.35619  3.14159  6.54062  4.77348  4.93928  4.58585  1.76715  1.42681  6.98132  1.85441  2.94524  1.79333  1.37445  1.68861  2.15984  4.08843  3.92699  5.092  2.64417  
2.55254  3.13723  4.51604  5.8294  6.9115  2.76635  4.12334  4.48986  5.49779  3.33794  3.00197  6.11302  2.38237  9.07135  5.10509  5.13563  3.14159  2.55254  3.57356  1.76715  3.18086  3.14159  3.84409  7.09913  1.77151  
2.15548  2.74889  2.85361  4.31969  4.55095  4.00553  2.52636  4.00989  7.25621  2.87979  2.94524  3.73937  4.22806  2.2122  5.73777  0.589049  2.45219  1.74969  3.0936  2.35619  3.38594  1.97222  0.671952  0.785398  6.25264  
2.35619  4.49422  8.827  2.86234  4.31969  5.7465  1.37445  1.94604  3.89208  5.50215  4.71239  5.30144  5.30144  5.50215  0.785398  0.589049  5.45415  5.93412  5.83813  1.9635  4.06225  1.5708  6.89405  0.785398  2.28202  
0.981748  0.820305  2.55254  5.34943  2.07258  3.73064  7.19076  3.92699  4.51604  1.23046  6.19156  5.59378  7.38711  6.64534  1.32645  5.46288  8.84009  2.55254  1.97659  0.589049  6.88532  6.40536  7.29984  6.47517  0.19635  
5.92539  5.58942  8.94045  8.33831  3.53429  2.81871  1.5708  2.55254  2.55254  2.94524  3.97499  3.73064  4.29787  5.91667  5.43234  4.54222  4.45059  1.80205  2.68344  2.27329  4.29787  5.51088  4.14079  4.51604  5.91667  
4.19752  6.80678  4.44623  4.74293  4.31969  5.28835  3.33794  4.11898  2.35619  1.24791  4.83456  3.93572  2.55254  2.77071  4.00117  5.52397  6.03011  4.85638  4.50295  4.31969  5.89049  0.19635  3.32922  4.9611  5.9123  
1.5708  5.32762  4.5684  5.55887  5.97339  5.44979  6.53626  1.37445  1.1781  3.98371  3.81791  4.6993  0.785398  3.72191  8.12014  5.98648  1.1781  2.35183  4.13207  4.90874  5.49779  5.69414  4.10152  1.21737  2.75762  
2.46091  1.66243  0.353429  2.81871  7.81471  6.85914  1.54898  3.74373  3.94881  2.77507  1.44426  1.9635  0.785398  0.584685  0.981748  2.20784  3.27686  4.93056  2.00277  3.51248  6.10429  6.26573  3.33794  2.79689  5.20544  
0.837758  2.94961  1.67115  5.092  5.79886  6.51881  4.35896  5.70286  6.08684  5.41925  5.27526  5.53269  2.77071  2.05513  2.15984  6.96823  1.1781  7.08167  4.2237  4.90874  5.69414  6.57116  5.27962  4.76911  5.79013  
0.19635  6.34864  5.44543  3.42085  3.14159  2.60054  3.89208  5.52397  0.379609  2.94961  5.52397  3.11978  3.9139  6.44026  3.85718  6.75442  5.96903  3.42521  2.74889  4.32842  5.12254  5.30144  4.98291  3.51684  8.3034  
3.37721  4.51604  6.10865  0.19635  1.48789  1.61443  6.13483  1.76715  1.76715  0.392699  6.02139  5.19235  3.01942  5.30144  5.80758  5.69414  6.15665  3.24631  5.044  5.49342  4.69494  4.2237  3.42085  8.51721  3.55174  
2.1293  7.29111  5.03964  8.23359  2.15984  2.79689  2.00277  5.15308  5.89049  0.833395  0.10472  5.85558  4.94365  5.67668  5.6156  5.49779  5.69414  6.09556  5.76395  6.28755  5.96903  5.11381  6.08684  4.14952  3.92699  
3.61719  6.44463  4.55095  3.70446  5.5676  5.35816  4.2586  3.9968  3.84409  4.32842  0.392699  0.392699  6.08684  8.0416  6.75006  5.30144  0.733038  7.10785  2.8667  2.15112  1.35699  0.392699  5.69414  4.10152  5.68105  
6.81115  2.4391  4.51604  5.10509  5.49779  6.96823  4.74293  4.35896  0.19635  7.45692  5.26217  6.08684  7.20821  5.75086  5.89049  5.49779  7.18203  7.03804  0.19635  1.49226  1.91986  0  6.94205  2.98888  8.97536  
4.41132  4.04044  4.48113  8.19868  1.82823  1.38754  4.72548  5.26217  0.837758  1.5708  4.28478  5.75522  1.9635  3.49939  5.31453  7.7449  1.76715  5.08763  2.58745  1.83696  2.36056  0.200713  7.47437  7.53546  0.981748  
5.29271  5.89049  4.71239  7.26057  3.9968  3.53429  5.98212  0  6.33118  2.41728  1.88496  3.56484  2.2122  7.57473  7.64891  1.06029  2.15984  7.16021  0.523599  5.06582  3.6521  1.55771  2.55254  4.12334  5.99957  
1.01229  7.14712  6.0083  5.49779  5.89049  6.64534  0.392699  1.5708  1.24355  1.5708  3.47757  0.981748  1.5708  2.41728  4.86947  5.49779  0  0.724312  5.89049  3.08487  3.56484  4.15825  3.57356  3.67828  0.829031  
5.14872  5.89049  0.244346  0  0  0.174533  6.49699  5.69414  5.75522  6.78497  0.392699  6.12174  5.98212  3.15468  4.71239  4.90874  4.20188  5.59378  6.08684  5.27526  3.92699  3.73064  6.31373  0  4.98728  
7.16458  2.53509  2.92343  4.90874  5.94285  2.85798  3.18523  1.1781  6.88096  1.85441  0.19635  8.39503  4.71675  4.63385  5.79013  5.2229  5.01346  6.08684  0  3.37285  2.94088  2.15984  1.79769  7.77108  1.76715  
1.9635  4.66876  3.38158  6.66279  2.15984  2.37801  1.59261  0.785398  0.392699  0.589049  0.554142  4.37641  7.05986  6.08684  4.18879  3.94008  5.8294  6.88532  6.83733  4.49859  6.19592  2.94088  2.09003  1.76715  1.85005  
2.97579  6.44899  0.824668  1.9635  0.392699  1.1781  7.0904  0.392699  5.89049  1.08647  2.55254  4.26297  0.824668  0.785398  1.9635  6.61043  0.981748  1.40935  5.89049  1.39626  2.94524  4.00117  3.87899  1.49662  7.55291  
7.01622  5.89049  5.49779  0  4.46804  6.08684  0  5.89921  0.19635  5.69414  0  4.75166  4.51604  3.05869  1.95041  0.19635  5.69414  5.32762  6.08684  0.981748  1.37445  4.85638  0.981748  0.802851  1.9635  
7.34347  5.89049  7.96743  1.32209  8.32086  6.08684  5.69414  0.610865  0.392699  8.24232  5.71595  4.82147  4.76911  0.19635  3.45139  6.08684  5.69414  7.1384  6.16101  5.17926  6.34864  7.8758  2.50891  5.89049  8.45176  
