0.1   0.997957
0.2   0.997965
0.3   0.997968
0.4   0.99797
0.5   0.997956
0.6   0.997961
0.7   0.997936
0.8   0.997925
0.9   0.997871
1   0.997788
1.1   0.997707
1.2   0.995337
1.3   0.992451
1.4   0.989438
1.5   0.985842
1.6   0.978394
1.7   0.966112
1.8   0.95511
1.9   0.936767
2   0.90486
2.1   0.859889
2.2   0.757665
2.3   0.495717
2.4   0.242518
2.5   0.156091
2.6   0.112965
2.7   0.0967739
2.8   0.0838833
2.9   0.0737715
3   0.0675911
3.1   0.0623934
3.2   0.0567353
3.3   0.0540821
3.4   0.0517036
3.5   0.0487993
3.6   0.0464792
3.7   0.0448412
3.8   0.0435908
3.9   0.0424523
4   0.0405247
4.1   0.0402738
4.2   0.0392165
4.3   0.0380648
4.4   0.0374792
4.5   0.0362873
4.6   0.0356053
4.7   0.0349853
4.8   0.0344626
4.9   0.0342457
5   0.0338592
5.1   0.0330736
5.2   0.032879
5.3   0.0321262
5.4   0.0320205
5.5   0.0316265
5.6   0.0312127
5.7   0.0308387
5.8   0.0302046
5.9   0.0302564
