0.1   1
0.2   0.997998
0.3   0.998
0.4   0.997959
0.5   0.998028
0.6   0.998037
0.7   0.99805
0.8   0.998045
0.9   0.998049
1   0.998026
1.1   0.997993
1.2   0.998034
1.3   0.997985
1.4   0.997986
1.5   0.997959
1.6   0.997886
1.7   0.997863
1.8   0.995769
1.9   0.995639
2   0.993308
2.1   0.990749
2.2   0.988174
2.3   0.985496
2.4   0.981996
2.5   0.975984
2.6   0.971937
2.7   0.964363
2.8   0.956457
2.9   0.947144
3   0.932837
3.1   0.919718
3.2   0.899316
3.3   0.874137
3.4   0.837488
3.5   0.784258
3.6   0.724091
3.7   0.580617
3.8   0.476503
3.9   0.375528
4   0.305832
4.1   0.260257
4.2   0.227052
4.3   0.197315
4.4   0.178978
4.5   0.163476
4.6   0.150969
4.7   0.140912
4.8   0.133117
4.9   0.124866
5   0.121383
5.1   0.113825
5.2   0.109878
5.3   0.106189
5.4   0.102519
5.5   0.100043
5.6   0.0947954
5.7   0.0944223
5.8   0.0922257
5.9   0.0891283
